pushplus_token: 123456abc ## pushplus推送token
refresh_token: 123456abc ## 阿里云网盘刷新token
bilibili_cookie: 123456abc ## B站cookie
jd_cookie: "pinId=nLQUyfkoMfE; pin=%E5%96%B5%E6%AD%A5; unick=waifu2x; _tp=%2BuANkN29E%2BZQNBWq%2BSPyigo6GYiWOfHYEdSJwz7krGk%3D; _pst=%E5%96%B5%E6%AD%A5; shshshfpa=2a73232f-22bc-3f79-092c-c539be92892e-1693905541; shshshfpx=2a73232f-22bc-3f79-092c-c539be92892e-1693905541; jcap_dvzw_fp=EHwnDVWkzNEnWFcMSkQQyyK6QE7QlF4WBshkCBensVN0nbBNqNwccfdBqyW9xj2ytnlhbq4l1X5yHYqVgMNUSw==; whwswswws=; b_dpr=1; b_webp=0; b_avif=1; autoOpenApp_downCloseDate_jd_homePage=1703512915428_1; b_dw=1903; b_dh=945; __jdu=1691734785984675577779; autoOpenApp_downCloseDate__jd_czlogin_openapp_=1705303399744_1; autoOpenApp_downCloseDate_autoOpenApp_autoPromptly=1705303411202_1; user-key=5af74ad1-5942-47da-aaf5-9ecbf08a7af2; unpl=JF8EAMBnNSttUUIAUU4LGxETSQ4BW1wLTkdXZmFSV1xeTFwMSQAbF0J7XlVdWBRKFx9tZxRUWFNOVQ4eBSsSEXtdVV9cCUIfCmdlNVRZXyVVaxsLHnx-TVUDDVRbQhJXajUHXQgKTmQ1GAIrEyBLWlxeWwpOEQprbwxRWl5PUAMdBB0aIEptVFZZOEsWAm5uDFFaWExUBCsyHxQTTVlVX1wLexYzbldOOlwVS1MNGwQZFxZCWVxXWA9NEwdpYQNSVWhKZAY; warehistory="5047000,100081280979,100061903975,100019898238,100065831339,1062372,100015420739,1978251,100061903975,1031141,1062372,100037611389,1978251,1062372,100015420739,100015420739,1131257,1978251,1062372,1131257,"; __jdv=95931165|direct|-|none|-|1707993903560; TrackID=1CX5GvcG74PU3wBUF_TrH7sG5mqCodxA67tfSDPwEWUB2tSLtXvkG1F95j-K-ZRo0euw2UcsMI5S8ChLzAJhhfSYtKPoQpUgnYfzGR3KoHxs; thor=DC87F7181B71FF94AE2518529BD69B6D4C74406CA24E5567850394E1CB12169298E9181BE9CA75F79E152CA94CF167D0C608B3A99E726728E42075D299E4AB4C01A7265333C391F5194AC82E5EBE8037EF7DCBEED9C3B0BEFE75CB7811D64925C749EEF1D45B2CF40222B9FD8346AA69270C2BBB735B45ADE498D5836EC2D022; flash=2_a_JJ6Az2wng7WgxGha5mw_alB7bp_v7jsaLlPvqky7XvColhX1UPMCrlYMnJw7G2IFVnz2F5HenxvXLgLgVSD86LasHfO6St2ZQNEyEp1PM*; areaId=7; ipLoc-djd=7-412-0-0; 3AB9D23F7A4B3C9B=T6YHZWG3TKMJF3F2JNP5NO55KXBD3XIEPN5NXKXZYH4PBSEZSEG52G2YPI2RIHYBOMJB5U3EDPIV6D2KG5DEQSRUFA; 3AB9D23F7A4B3CSS=jdd03T6YHZWG3TKMJF3F2JNP5NO55KXBD3XIEPN5NXKXZYH4PBSEZSEG52G2YPI2RIHYBOMJB5U3EDPIV6D2KG5DEQSRUFAAAAAMNXH7NPIQAAAAADQSV6XIUY7ESSIX; _gia_d=1; PCSYCityID=CN_410000_410100_0; shshshfpb=BApXeUkj2uuhAhY0_0PvRzbvlrE4FVDj0B9HRUm5X9xJ1Mi0wqoO2; __jda=222648329.1691734785984675577779.1691734786.1708220203.1708222351.15; __jdb=222648329.4.1691734785984675577779|15.1708222351; __jdc=222648329"
